129510
129512
129513
129514
129515
129516
129517
129523
129529
129545
129561
129562
129563
129564
129565
129572
129574
129593
129600
129606
129608
129613
129615
129622
129623
129624
129625
129626
129627
129628
129623
129624
129625
129626
129627
129629
129630
129631
129632
129633
129663
129670
129674
129678
129687
129747
129750
129779
129780
129782
129784
129830
129832
129836
129839
129846
129851
129852
129854
129867
129877
129900
129885
129903
129902
129913
129914
129915
129955
129959
129961
129973
129974
129990
130032
130044
130057
130060
130062
129993
129994
129995
129998
130000
130001
130047
130052
130054
130055
130072
130099
130106
130109
130112
130114
130116
130153
130189
130192
130191
